<?xml version="1.0"?>
<opencv_storage>
<ImageWidth>1920</ImageWidth>
<ImageHeight>1080</ImageHeight>
<IntrinsicMatrix type_id="opencv-matrix">
  <rows>3</rows>
  <cols>3</cols>
  <dt>d</dt>
  <data>
    1.3765794204584183e+03 0. 960. 0. 1.3757902746044288e+03 540. 0. 0.
    1.</data></IntrinsicMatrix>
<DistortionCoeffs type_id="opencv-matrix">
  <rows>1</rows>
  <cols>5</cols>
  <dt>d</dt>
  <data>
    3.5625728992390061e-02 -6.4906554536267658e-01 0. 0.
    1.4991311204807638e+00</data></DistortionCoeffs>
<NumCaliImgs>30</NumCaliImgs>
<ReprojectionError>9.1985976322733043e-01</ReprojectionError>
</opencv_storage>
