<?xml version="1.0"?>
<opencv_storage>
<ImageWidth>1920</ImageWidth>
<ImageHeight>1080</ImageHeight>
<IntrinsicMatrix type_id="opencv-matrix">
  <rows>3</rows>
  <cols>3</cols>
  <dt>d</dt>
  <data>
    1.4840672355222512e+03 0. 960. 0. 1.4661121080897940e+03 540. 0. 0.
    1.</data></IntrinsicMatrix>
<DistortionCoeffs type_id="opencv-matrix">
  <rows>1</rows>
  <cols>5</cols>
  <dt>d</dt>
  <data>
    5.7949026522225146e-02 -4.4439076344690115e-01 0. 0.
    8.5187088833005375e-01</data></DistortionCoeffs>
<NumCaliImgs>24</NumCaliImgs>
</opencv_storage>
