<?xml version="1.0"?>
<opencv_storage>
<ImageWidth>1920</ImageWidth>
<ImageHeight>1080</ImageHeight>
<IntrinsicMatrix type_id="opencv-matrix">
  <rows>3</rows>
  <cols>3</cols>
  <dt>d</dt>
  <data>
    1.4543509903137028e+03 0. 960. 0. 1.4488256984509767e+03 540. 0. 0.
    1.</data></IntrinsicMatrix>
<DistortionCoeffs type_id="opencv-matrix">
  <rows>1</rows>
  <cols>5</cols>
  <dt>d</dt>
  <data>
    1.3614326261985504e-01 -1.0054209587450644e+00 0. 0.
    2.9009845059404489e+00</data></DistortionCoeffs>
<NumCaliImgs>20</NumCaliImgs>
</opencv_storage>
