<?xml version="1.0"?>
<opencv_storage>
<R type_id="opencv-matrix">
  <rows>3</rows>
  <cols>3</cols>
  <dt>d</dt>
  <data>
    8.6616514069764661e-01 9.6161621622518234e-02 4.9041909788175420e-01
    -1.3560210625303656e-01 9.8972118301776502e-01
    4.5431802359755052e-02 -4.8100937394188703e-01
    -1.0585330610256488e-01 8.7030170617274472e-01</data></R>
<T type_id="opencv-matrix">
  <rows>3</rows>
  <cols>1</cols>
  <dt>d</dt>
  <data>
    -8.3379029479681943e+00 4.5084696647341183e-01
    3.2513653100278788e+00</data></T>
<E type_id="opencv-matrix">
  <rows>3</rows>
  <cols>3</cols>
  <dt>d</dt>
  <data>
    2.2403036715086283e-01 -3.2656687630112371e+00
    2.4465749798006628e-01 -1.1943901857706503e+00
    -5.6993803230527285e-01 8.8510228037473802e+00
    7.4012927532933992e-01 -8.2955533449500685e+00
    -5.9990992140752608e-01</data></E>
<F type_id="opencv-matrix">
  <rows>3</rows>
  <cols>3</cols>
  <dt>d</dt>
  <data>
    -4.4258377006618023e-08 6.4552008994128498e-07
    -3.7262753621071986e-04 2.3707046386767369e-07
    1.1318995819737504e-07 -2.7070980914762868e-03
    -2.9144104166965658e-04 1.6284041048579456e-03 1.</data></F>
<reprojectionErr>2.0464021255903830e+00</reprojectionErr>
</opencv_storage>
