<?xml version="1.0"?>
<opencv_storage>
<R type_id="opencv-matrix">
  <rows>3</rows>
  <cols>3</cols>
  <dt>d</dt>
  <data>
    8.3854088412177075e-01 1.0563895004236967e-01 5.3449938998115298e-01
    -1.4665588849780992e-01 9.8857892922182888e-01
    3.4695115903251389e-02 -5.2472967900167111e-01
    -1.0748075610344313e-01 8.4445642341226534e-01</data></R>
<T type_id="opencv-matrix">
  <rows>3</rows>
  <cols>1</cols>
  <dt>d</dt>
  <data>
    -8.4702817012176688e+00 4.2738195372227611e-01
    2.6969141138406316e+00</data></T>
<E type_id="opencv-matrix">
  <rows>3</rows>
  <cols>3</cols>
  <dt>d</dt>
  <data>
    1.7125834017978453e-01 -2.7120478023948458e+00
    2.6733568831044435e-01 -2.1831354527132709e+00
    -6.2549310631546140e-01 8.5942827393840098e+00
    8.8383944738685105e-01 -8.4186901952552908e+00
    -5.2231279891044635e-01</data></E>
<F type_id="opencv-matrix">
  <rows>3</rows>
  <cols>3</cols>
  <dt>d</dt>
  <data>
    -3.0857296434810194e-08 4.9464073497655440e-07
    -3.0896827820964967e-04 3.9485706656132119e-07
    1.1451652387574167e-07 -2.7477681238703947e-03
    -4.1520525035156482e-04 1.6963963358471454e-03 1.</data></F>
</opencv_storage>
