<?xml version="1.0"?>
<opencv_storage>
<R type_id="opencv-matrix">
  <rows>3</rows>
  <cols>3</cols>
  <dt>d</dt>
  <data>
    8.1796921947342305e-01 2.1710044785251009e-01 5.3272295946042969e-01
    -2.1279244371393929e-01 9.7455590341680598e-01
    -7.0428453154269988e-02 -5.3445835374918516e-01
    -5.5751113510787938e-02 8.4335406648098765e-01</data></R>
<T type_id="opencv-matrix">
  <rows>3</rows>
  <cols>1</cols>
  <dt>d</dt>
  <data>
    -8.9856947476392826e+00 3.2167715491183085e-01
    1.9867815812618361e+00</data></T>
<E type_id="opencv-matrix">
  <rows>3</rows>
  <cols>3</cols>
  <dt>d</dt>
  <data>
    2.5084906514965188e-01 -1.9541635783958158e+00
    4.1121369021259280e-01 -3.1773534428270733e+00
    -6.9631316771865792e-02 8.6365263693497187e+00
    1.6489659324920103e+00 -8.8268981170085290e+00
    4.6148377563724147e-01</data></E>
<F type_id="opencv-matrix">
  <rows>3</rows>
  <cols>3</cols>
  <dt>d</dt>
  <data>
    -5.9603492899842307e-08 4.6506434066576771e-07
    -3.3574027340786775e-04 7.5206755330762013e-07
    1.6507786159647340e-08 -3.6981622635252672e-03
    -9.1235712182345077e-04 2.5656358203186794e-03 1.</data></F>
</opencv_storage>
