<?xml version="1.0"?>
<opencv_storage>
<ImageWidth>1920</ImageWidth>
<ImageHeight>1080</ImageHeight>
<IntrinsicMatrix type_id="opencv-matrix">
  <rows>3</rows>
  <cols>3</cols>
  <dt>d</dt>
  <data>
    1.4515287550912676e+03 0. 960. 0. 1.4492147375827624e+03 540. 0. 0.
    1.</data></IntrinsicMatrix>
<DistortionCoeffs type_id="opencv-matrix">
  <rows>1</rows>
  <cols>5</cols>
  <dt>d</dt>
  <data>
    1.8786184488021113e-01 -1.9351043799802108e+00 0. 0.
    7.4269725953898460e+00</data></DistortionCoeffs>
<NumCaliImgs>17</NumCaliImgs>
</opencv_storage>
