<?xml version="1.0"?>
<opencv_storage>
<ImageWidth>1920</ImageWidth>
<ImageHeight>1080</ImageHeight>
<IntrinsicMatrix type_id="opencv-matrix">
  <rows>3</rows>
  <cols>3</cols>
  <dt>d</dt>
  <data>
    1.4082619379878588e+03 0. 960. 0. 1.4016539701112681e+03 540. 0. 0.
    1.</data></IntrinsicMatrix>
<DistortionCoeffs type_id="opencv-matrix">
  <rows>1</rows>
  <cols>5</cols>
  <dt>d</dt>
  <data>
    1.4625784926406872e-02 -4.1478404143604392e-01 0. 0.
    1.0636435387916008e+00</data></DistortionCoeffs>
<NumCaliImgs>27</NumCaliImgs>
<ReprojectionError>8.9884939687163001e-01</ReprojectionError>
</opencv_storage>
