<?xml version="1.0"?>
<opencv_storage>
<ImageWidth>1920</ImageWidth>
<ImageHeight>1080</ImageHeight>
<IntrinsicMatrix type_id="opencv-matrix">
  <rows>3</rows>
  <cols>3</cols>
  <dt>d</dt>
  <data>
    1.4381102460875431e+03 0. 960. 0. 1.4436439003090720e+03 540. 0. 0.
    1.</data></IntrinsicMatrix>
<DistortionCoeffs type_id="opencv-matrix">
  <rows>1</rows>
  <cols>5</cols>
  <dt>d</dt>
  <data>
    8.8038414653606137e-02 -5.5024429173305034e-01 0. 0.
    1.6564488099700985e+00</data></DistortionCoeffs>
<NumCaliImgs>26</NumCaliImgs>
</opencv_storage>
